Sheet1:{
智慧交通221班2022-2023-2学年（春）成绩排名 None None None None None None None None None None None None None 
None None None 课程名 高等数学（2） 人工智能基础* 大学物理（1） 科技创新理论▲ 道路工程 数据结构与算法分析 大学物理实验（1） 大学英语（2） 思想道德与法治 大学日语（2） 
None None None 学分 5.0 1.0 2.0 1.0 2.0 3.0 1.5 3.0 3.0 3.0 
序号 班级 学号 姓名 None None None None None None None None None None 
1 智慧交通221 220561107 李志豪 89.0 85.0 82.0 85.0 73.0 84.0 83.0 71.0 88.0 None 
2 智慧交通221 220561111 王鹏 84.0 81.0 85.0 85.0 76.0 91.0 82.0 77.0 87.0 None 
3 智慧交通221 220561113 王铭 60.0 63.0 60.0 82.0 52.0 61.0 61.0 None 75.0 68.0 
4 智慧交通221 220561114 黄志嵘 75.0 72.0 68.0 None 60.0 67.0 74.0 69.0 82.0 None 
5 智慧交通221 220561117 田海心 75.0 74.0 79.0 87.0 73.0 76.0 74.0 67.0 87.0 None 
6 智慧交通221 220561118 张吴蔚 91.0 91.0 82.0 80.0 91.0 86.0 84.0 83.0 92.0 None 
7 智慧交通221 220561121 钟文丽 60.0 77.0 63.0 87.0 48.0 48.0 70.0 68.0 82.0 None 
8 智慧交通221 220561122 唐素文 62.0 79.0 63.0 84.0 44.0 41.0 73.0 76.0 83.0 None 
9 智慧交通221 220561123 孙文萱 73.0 84.0 68.0 84.0 49.0 60.0 73.0 74.0 83.0 None 
10 智慧交通221 220561124 曹何丽 79.0 83.0 64.0 86.0 60.0 79.0 84.0 69.0 81.0 None 
11 智慧交通221 220561125 张雨彤 76.0 83.0 60.0 81.0 55.0 49.0 76.0 76.0 86.0 None 
12 智慧交通221 220561126 朱佳雯 95.0 93.0 91.0 85.0 88.0 99.0 93.0 65.0 94.0 None 
13 智慧交通221 220561127 陈映 67.0 87.0 53.0 83.0 46.0 49.0 68.0 61.0 75.0 None 
14 智慧交通221 220561201 鲁轩雨 73.0 70.0 81.0 90.0 60.0 64.0 72.0 71.0 80.0 None 
15 智慧交通221 220561202 岳航 68.0 76.0 63.0 85.0 63.0 63.0 72.0 74.0 78.0 None 
16 智慧交通221 220561203 白同硕 66.0 77.0 71.0 88.0 65.0 81.0 75.0 65.0 79.0 None 
17 智慧交通221 220561210 陈泊先 88.0 84.0 82.0 80.0 78.0 79.0 75.0 77.0 81.0 None 
18 智慧交通221 220561213 刘中华 89.0 76.0 83.0 86.0 60.0 73.0 79.0 67.0 86.0 None 
19 智慧交通221 220561214 赵骆炫 53.0 83.0 68.0 85.0 67.0 70.0 70.0 81.0 78.0 None 
20 智慧交通221 220561216 王诚心 93.0 81.0 87.0 81.0 76.0 87.0 82.0 74.0 80.0 None 
21 智慧交通221 220561218 王姿艺 86.0 81.0 82.0 87.0 72.0 72.0 77.0 83.0 85.0 None 
22 智慧交通221 220561226 刘佳渝 74.0 83.0 84.0 84.0 72.0 53.0 78.0 69.0 80.0 None 
23 智慧交通221 220561303 段向路 84.0 77.0 71.0 86.0 86.0 82.0 74.0 70.0 82.0 None 
24 智慧交通221 220561307 胡凯翔 60.0 84.0 63.0 82.0 55.0 68.0 71.0 61.0 81.0 None 
25 智慧交通221 220561312 李国旗 71.0 64.0 61.0 None 63.0 60.0 53.0 60.0 77.0 None 
26 智慧交通221 220561317 熊梓姗 95.0 84.0 90.0 82.0 87.0 87.0 85.0 69.0 91.0 None 
27 智慧交通221 220561318 孙奇奇 70.0 88.0 75.0 84.0 65.0 72.0 70.0 72.0 88.0 None 
28 智慧交通221 220561322 马璐瑶 80.0 90.0 87.0 89.0 78.0 80.0 82.0 69.0 90.0 None 
}
